# Created by Octave 4.2.2, Wed Sep 18 20:33:33 2019 MDT <wali@Wali-Linux>
# name: E
# type: matrix
# rows: 1
# columns: 64
1 4 5 12 13 17 22 26 29 30 34 37 47 50 51 53 54 55 57 64 2 3 9 10 11 18 20 23 24 25 31 32 35 36 42 44 45 48 49 27 61 62 63 6 7 8 14 15 16 19 21 28 33 38 39 40 41 43 46 52 56 58 59 60
