# Created by Octave 4.2.2, Fri Nov 08 10:45:49 2019 MST <wali@Wali-Linux>
# name: A
# type: matrix
# rows: 10
# columns: 7
 1 1 0 0 0 0 0
 1 0 1 0 0 0 0
 0 1 1 0 0 0 0
 0 0 1 1 0 0 0
 0 0 0 1 1 0 0
 0 0 0 1 0 1 0
 0 0 0 1 0 0 1
 0 0 0 0 1 1 0
 0 0 0 0 1 0 1
 0 0 0 0 0 1 1


