# Created by Octave 4.2.2, Wed Sep 18 20:33:33 2019 MDT <wali@Wali-Linux>
# name: E
# type: matrix
# rows: 1
# columns: 64
 4 23 24 35 15 58 8 39 43 10 11 16 17 13 22 30 34 19 9 31 32 41 59 60 61 1 2 3 5 6 7 14 21 25 27 28 29 33 36 38 40 42 45 46 47 51 52 53 54 56 12 64 18 20 26 37 44 48 49 50 55 57 62 63
