# Created by Octave 4.2.2, Wed Sep 18 20:33:33 2019 MDT <wali@Wali-Linux>
# name: E
# type: matrix
# rows: 1
# columns: 64
 1 2 10 11 12 16 29 31 40 46 52 54 64 14 19 21 50 61 4 20 23 24 35 3 5 6 7 9 15 18 25 26 27 28 32 33 36 37 38 41 42 44 45 47 48 51 53 55 56 57 58 59 60 62 63 17 13 22 49 30 34 8 39 43
