# Created by Octave 4.2.2, Wed Sep 18 20:33:33 2019 MDT <wali@Wali-Linux>
# name: E
# type: matrix
# rows: 1
# columns: 57
 2 28 45 3 14 50 4 23 24 34 5 15 51 6 21 7 44 8 38 12 13 22 10 11 16 17 18 19 35 25 42 30 29 33 20 26 36 43 48 49 55 56 1 39 9 27 37 40 46 52 53 54 31 32 41 47 57
