# Created by Octave 4.2.2, Wed Sep 18 20:33:33 2019 MDT <wali@Wali-Linux>
# name: E
# type: matrix
# rows: 1
# columns: 57
  1 2 26 30 43 48 56 3 14 44 4 23 24 34 5 7 8 38 12 10 11 16 17 6 21 13 22 29 33 18 19 35 20 36 49 55 28 39 9 27 37 40 46 52 53 54 31 41 25 42 50 32 45 47 15 51 57
