# Created by Octave 4.2.2, Wed Sep 18 20:33:33 2019 MDT <wali@Wali-Linux>
# name: E
# type: matrix
# rows: 1
# columns: 60
 1 39 2 45 46 3 14 53 4 23 24 34 6 21 7 41 44 8 40 55 56 9 31 57 12 51 60 10 11 16 17 18 19 35 13 22 5 15 32 54 29 33 27 37 25 38 42 20 26 36 43 48 49 52 58 59 47 28 30 50
