# Created by Octave 4.2.2, Wed Sep 18 20:33:33 2019 MDT <wali@Wali-Linux>
# name: E
# type: matrix
# rows: 1
# columns: 60
 1 2 10 11 12 16 28 39 50 51 60 3 14 44 4 23 24 34 5 7 6 21 8 38 9 27 37 40 46 55 56 57 13 22 52 30 43 59 17 26 48 58 31 41 29 33 18 19 35 20 36 49 25 42 53 32 45 47 15 54
