# Created by Octave 4.2.2, Wed Sep 18 20:33:33 2019 MDT <wali@Wali-Linux>
# name: E
# type: matrix
# rows: 1
# columns: 62
 1 2 10 11 12 16 28 39 51 53 62 4 23 24 34 6 21 7 9 27 37 40 46 57 58 59 13 22 54 17 18 19 35 36 49 20 26 48 60 32 45 29 33 8 38 42 31 30 43 61 47 3 5 14 25 41 44 50 52 55 15 56
