# Created by Octave 4.2.2, Wed Sep 18 20:33:33 2019 MDT <wali@Wali-Linux>
# name: E
# type: matrix
# rows: 1
# columns: 62
 6 15 21 32 41 43 45 54 56 1 2 3 5 7 12 14 19 25 28 30 35 39 44 46 50 51 52 53 55 62 4 23 24 34 9 27 31 37 40 57 58 59 13 22 10 11 16 17 18 20 26 36 48 49 60 61 29 33 8 38 42 47
