# Created by Octave 4.2.2, Wed Sep 18 20:33:33 2019 MDT <wali@Wali-Linux>
# name: E
# type: matrix
# rows: 1
# columns: 64
 1 2 3 5 6 7 15 25 27 28 29 31 36 38 40 42 44 45 47 51 52 53 54 56 58 33 46 14 19 4 23 24 35 21 8 39 43 9 32 41 59 60 61 64 13 22 10 11 16 17 30 34 12 18 20 26 37 48 49 50 55 57 62 63
