# Created by Octave 4.2.2, Wed Sep 18 20:33:33 2019 MDT <wali@Wali-Linux>
# name: E
# type: matrix
# rows: 1
# columns: 64
 1 2 12 29 40 46 52 54 64 3 5 7 14 31 45 51 53 4 23 24 35 8 39 6 9 15 21 26 27 28 32 33 37 38 41 42 44 47 48 49 50 55 57 58 59 60 61 62 63 13 22 10 11 16 17 20 25 43 56 30 34 18 19 36
