# Created by Octave 4.2.2, Wed Sep 18 20:33:33 2019 MDT <wali@Wali-Linux>
# name: D
# type: matrix
# rows: 7
# columns: 7
 0 1 1 0 0 0 0 
 0 0 0 1 0 0 1
 0 0 0 0 1 0 0
 0 0 0 0 0 0 1 
 0 0 0 0 0 1 1
 0 0 0 0 0 0 1
 0 0 0 0 0 1 1


