# Created by Octave 4.2.2, Wed Sep 18 20:33:33 2019 MDT <wali@Wali-Linux>
# name: E
# type: matrix
# rows: 1
# columns: 35
 
 42 44 28 27 51 63 37 4 26 57 47 55 62 20 29 1 25 36 45 53 52 54 40 9 2 11 10 16 60 59 41 32 33 6 15

