# Created by Octave 4.2.2, Wed Sep 18 20:33:33 2019 MDT <wali@Wali-Linux>
# name: HUB
# type: matrix
# rows: 1
# columns: 64
 
 42 44 37 28 1 29 26 4 36 25 3 2 12 9 53 59 48 5 45 47 6 41 33 15 32 38 22 31 62 60 52 55 56 58 63 61 13 16 10 11 39 49 46 43 34 17 30 27 64 18 20 23 24 7 8 14 19 21 35 40 50 51 54 57

