# Created by Octave 4.2.2, Wed Sep 18 20:33:33 2019 MDT <wali@Wali-Linux>
# name: AUT
# type: matrix
# rows: 1
# columns: 64
 
 27 51 57 53 63 55 47 54 52 58 7 20 62 40 2 6 15 33 56 45 44 49 35 18 32 31 23 16 46 36 50 59 60 38 25 3 24 42 19 43 14 1 29 28 41 61 21 8 13 48 4 5 12 17 22 26 30 34 64 9 10 11 37 39

